0.3051,0.31942,34.512
0.30345,0.31942,34.531
0.29688,0.32718,34.537
0.28043,0.34466,34.552
0.25576,0.38932,34.583
0.25082,0.4068,34.595
0.23766,0.43981,34.608
0.22615,0.47282,34.621
0.21957,0.5,34.636
0.21793,0.51165,34.651
0.21793,0.52136,34.66
0.22286,0.54466,34.672
0.23273,0.56796,34.688
0.24589,0.58932,34.705
0.26069,0.60291,34.721
0.27878,0.61262,34.736
0.29852,0.6165,34.75
0.32155,0.62039,34.766
0.34293,0.62039,34.779
0.36431,0.61262,34.793
0.3824,0.6068,34.807
0.39227,0.60291,34.82
0.40543,0.59709,34.834
0.40872,0.59515,34.846
0.41365,0.58932,34.855
0.41694,0.58544,34.861
0.42516,0.57184,34.874
0.43174,0.55437,34.887
0.43503,0.54078,34.9
0.44161,0.50777,34.914
0.44655,0.4767,34.927
0.45148,0.4534,34.941
0.45313,0.44563,34.955
0.45477,0.43204,34.968
0.45477,0.42233,34.982
0.45477,0.42233,34.995
0.45313,0.42233,35.09
0.44984,0.44175,35.107
0.44984,0.46311,35.125
0.45148,0.4767,35.132
0.45806,0.50388,35.147
0.46464,0.52718,35.161
0.46793,0.54078,35.175
0.48109,0.56796,35.188
0.49918,0.5932,35.202
0.50905,0.60291,35.215
0.52878,0.62621,35.229
0.54852,0.64369,35.243
0.56826,0.66117,35.256
0.58799,0.67476,35.27
0.59786,0.67864,35.284
0.61595,0.68058,35.299
0.62747,0.67864,35.317
0.64063,0.66699,35.33
0.66201,0.64951,35.345
0.68339,0.62621,35.36
0.70313,0.6068,35.373
0.71135,0.59709,35.386
0.72286,0.57961,35.401
0.72944,0.55825,35.416
0.73602,0.52913,35.429
0.74095,0.49806,35.442
0.74095,0.48447,35.456
0.73766,0.45922,35.47
0.73109,0.44175,35.485
0.72286,0.41845,35.499
0.71628,0.40874,35.512
0.70641,0.3932,35.526
0.69984,0.37961,35.539
0.6949,0.36796,35.553
0.69326,0.36408,35.567
0.69161,0.36408,35.573
0.69161,0.36408,35.584
0.68997,0.36408,35.598
0.68832,0.36408,35.61
0.68668,0.36408,35.636
0.68503,0.36408,35.641
0.68339,0.36408,35.655
0.68339,0.36019,35.67
